m: 4.798656243328196 n1: 0.10787743914606836 n2: 9.01836427821272 n3: 8.875168191228932

m: 1.1371258613980901 n1: 0.10671498907258865 n2: 7.645191989484374 n3: 6.318873155604888

m: 0.6694542823981464 n1: 1.4792229560357215 n2: 5.459181885444923 n3: 8.483082811161694

2 2 3 100
